makespan = 585;
end = array1d(1..25, [499, 191, 34, 554, 77, 534, 8, 86, 26, 104, 494, 62, 554, 458, 458, 480, 72, 77, 97, 585, 561, 0, 0, 0, 0]);
moveDuration = array1d(1..21, [0, 77, 3, 0, 0, 71, 3, 4, 8, 8, 9, 3, 5, 0, 7, 7, 0, 7, 0, 9, 2]);
moveStart = array1d(1..21, [494, 104, 26, 554, 72, 458, 0, 77, 8, 86, 480, 34, 534, 97, 191, 458, 62, 62, 77, 561, 554]);
pred = array1d(1..25, [11, 10, 9, 13, 17, 15, 22, 18, 7, 8, 16, 3, 6, 19, 2, 14, 12, 23, 5, 1, 4, 25, 24, 20, 21]);
start = array1d(1..25, [494, 181, 29, 554, 72, 529, 3, 81, 16, 94, 489, 37, 539, 198, 198, 465, 62, 72, 77, 570, 556, 0, 0, 0, 0]);
toolUsed = array1d(1..25, [1, 1, 1, 2, 1, 2, 1, 2, 1, 2, 1, 1, 2, 1, 1, 1, 1, 2, 1, 1, 2, 1, 2, 1, 1]);
usingMachine = array1d(1..25, [1, 2, 1, 2, 1, 2, 1, 2, 1, 2, 1, 1, 2, 1, 2, 1, 1, 2, 1, 1, 2, 1, 2, 1, 2]);
----------
makespan = 560;
end = array1d(1..25, [536, 228, 34, 134, 77, 114, 8, 86, 26, 104, 531, 62, 134, 495, 495, 517, 72, 77, 97, 560, 141, 0, 0, 0, 0]);
moveDuration = array1d(1..21, [0, 77, 3, 0, 0, 5, 3, 4, 8, 8, 9, 3, 5, 0, 7, 7, 0, 7, 0, 9, 2]);
moveStart = array1d(1..21, [531, 141, 26, 134, 72, 104, 0, 77, 8, 86, 517, 34, 114, 97, 228, 495, 62, 62, 77, 536, 134]);
pred = array1d(1..25, [11, 21, 9, 13, 17, 10, 22, 18, 7, 8, 16, 3, 6, 19, 2, 14, 12, 23, 5, 1, 4, 25, 24, 20, 15]);
start = array1d(1..25, [531, 218, 29, 134, 72, 109, 3, 81, 16, 94, 526, 37, 119, 235, 235, 502, 62, 72, 77, 545, 136, 0, 0, 0, 0]);
toolUsed = array1d(1..25, [1, 1, 1, 2, 1, 2, 1, 2, 1, 2, 1, 1, 2, 1, 1, 1, 1, 2, 1, 1, 2, 1, 2, 1, 1]);
usingMachine = array1d(1..25, [1, 2, 1, 2, 1, 2, 1, 2, 1, 2, 1, 1, 2, 1, 2, 1, 1, 2, 1, 1, 2, 1, 2, 1, 2]);
----------
makespan = 512;
end = array1d(1..25, [402, 94, 34, 481, 77, 461, 8, 433, 26, 451, 397, 62, 481, 361, 361, 383, 72, 77, 97, 512, 488, 0, 0, 0, 0]);
moveDuration = array1d(1..21, [0, 7, 3, 0, 0, 5, 3, 67, 8, 8, 9, 3, 5, 0, 7, 7, 0, 7, 0, 9, 2]);
moveStart = array1d(1..21, [397, 77, 26, 481, 72, 451, 0, 361, 8, 433, 383, 34, 461, 97, 94, 361, 62, 62, 77, 488, 481]);
pred = array1d(1..25, [11, 18, 9, 13, 17, 10, 22, 15, 7, 8, 16, 3, 6, 19, 2, 14, 12, 23, 5, 1, 4, 25, 24, 20, 21]);
start = array1d(1..25, [397, 84, 29, 481, 72, 456, 3, 428, 16, 441, 392, 37, 466, 101, 101, 368, 62, 72, 77, 497, 483, 0, 0, 0, 0]);
toolUsed = array1d(1..25, [1, 1, 1, 2, 1, 2, 1, 2, 1, 2, 1, 1, 2, 1, 1, 1, 1, 1, 1, 1, 2, 1, 1, 1, 1]);
usingMachine = array1d(1..25, [1, 2, 1, 2, 1, 2, 1, 2, 1, 2, 1, 1, 2, 1, 2, 1, 1, 2, 1, 1, 2, 1, 2, 1, 2]);
----------
==========

%% Model variables : 400
%% Model constraints : 439

%% Search CPU time : 115ms
%% Search nodes : 58
%% Search decisions : 46
%% Wrong search decisions : 12
%% Search backtracks : 46
%% Max search depth : 17
%% Number solutions : 3

%% Total CPU time : 489ms

