total_end = 727;
end = array1d(1..25, [703, 276, 12, 616, 69, 169, 8, 141, 26, 159, 579, 54, 189, 543, 543, 565, 64, 69, 89, 727, 623, 0, 0, 0, 0]);
handLoad = array2d(1..2, 1..25, [1, 1, 1, 0, 1, 0, 1, 0, 0, 0, 0, 0, 0, 1, 0, 1, 0, 0, 1, 0, 0, 0, 0, 0, 0, 0, 0, 0, 1, 0, 1, 0, 1, 0, 0, 0, 0, 0, 0, 0, 0, 0, 0, 0, 0, 0, 0, 0, 0, 0]);
handUsed = array1d(1..25, [1, 1, 1, 2, 1, 2, 1, 2, 1, 2, 1, 1, 2, 1, 1, 1, 1, 1, 1, 1, 2, 1, 1, 1, 1]);
moveDuration = array1d(1..21, [75, 77, 7, 73, 0, 5, 3, 67, 8, 8, 9, 3, 5, 0, 7, 7, 0, 0, 0, 9, 2]);
moveStart = array1d(1..21, [623, 189, 0, 543, 64, 159, 0, 69, 8, 141, 565, 26, 169, 89, 276, 543, 54, 54, 69, 703, 616]);
preceededByToolChange = array1d(1..25, [0, 0, 0, 0, 0, 0, 0, 0, 0, 0, 0, 0, 0, 0, 0, 0, 0, 0, 0, 0, 0, 0, 0, 0, 0]);
pred = array1d(1..25, [21, 13, 22, 15, 17, 10, 23, 18, 7, 8, 16, 3, 6, 19, 2, 14, 9, 12, 5, 1, 4, 25, 24, 20, 11]);
start = array1d(1..25, [698, 266, 7, 616, 64, 164, 3, 136, 16, 149, 574, 29, 174, 283, 283, 550, 54, 64, 69, 712, 618, 0, 0, 0, 0]);
toolLoad = array3d(1..2, 1..2, 1..25, [1, 1, 1, 0, 1, 0, 1, 0, 0, 0, 0, 0, 0, 1, 0, 1, 0, 0, 1, 0, 0, 0, 0, 0, 0, 0, 0, 0, 0, 0, 0, 0, 0, 0, 0, 0, 0, 0, 0, 0, 0, 0, 0, 0, 0, 0, 0, 0, 0, 0, 0, 0, 0, 0, 0, 0, 0, 0, 0, 0, 0, 0, 0, 0, 0, 0, 0, 0, 0, 0, 0, 0, 0, 0, 0, 0, 0, 0, 1, 0, 1, 0, 1, 0, 0, 0, 0, 0, 0, 0, 0, 0, 0, 0, 0, 0, 0, 0, 0, 0]);
toolUsed = array1d(1..25, [1, 1, 1, 2, 1, 2, 1, 2, 1, 2, 1, 1, 2, 1, 1, 1, 1, 1, 1, 1, 2, 1, 1, 1, 1]);
usingMachine = array1d(1..25, [1, 1, 1, 1, 2, 1, 2, 1, 2, 1, 2, 1, 1, 2, 1, 2, 2, 1, 2, 1, 1, 1, 2, 1, 2]);
----------
total_end = 720;
end = array1d(1..25, [696, 246, 12, 609, 69, 589, 8, 141, 26, 159, 549, 54, 609, 513, 513, 535, 64, 69, 89, 720, 616, 0, 0, 0, 0]);
handLoad = array2d(1..2, 1..25, [1, 1, 1, 0, 1, 0, 1, 0, 0, 0, 0, 0, 0, 1, 0, 1, 0, 0, 1, 0, 0, 0, 0, 0, 0, 0, 0, 0, 1, 0, 1, 0, 1, 0, 0, 0, 0, 0, 0, 0, 0, 0, 0, 0, 0, 0, 0, 0, 0, 0]);
handUsed = array1d(1..25, [1, 1, 1, 2, 1, 2, 1, 2, 1, 2, 1, 1, 2, 1, 1, 1, 1, 1, 1, 1, 2, 1, 1, 1, 1]);
moveDuration = array1d(1..21, [75, 77, 7, 0, 0, 71, 3, 67, 8, 8, 9, 3, 5, 0, 7, 7, 0, 0, 0, 9, 2]);
moveStart = array1d(1..21, [616, 159, 0, 609, 64, 513, 0, 69, 8, 141, 535, 26, 589, 89, 246, 513, 54, 54, 69, 696, 609]);
preceededByToolChange = array1d(1..25, [0, 0, 0, 0, 0, 0, 0, 0, 0, 0, 0, 0, 0, 0, 0, 0, 0, 0, 0, 0, 0, 0, 0, 0, 0]);
pred = array1d(1..25, [21, 10, 22, 13, 17, 15, 23, 18, 7, 8, 16, 3, 6, 19, 2, 14, 9, 12, 5, 1, 4, 25, 24, 20, 11]);
start = array1d(1..25, [691, 236, 7, 609, 64, 584, 3, 136, 16, 149, 544, 29, 594, 253, 253, 520, 54, 64, 69, 705, 611, 0, 0, 0, 0]);
toolLoad = array3d(1..2, 1..2, 1..25, [1, 1, 1, 0, 1, 0, 1, 0, 0, 0, 0, 0, 0, 1, 0, 1, 0, 0, 1, 0, 0, 0, 0, 0, 0, 0, 0, 0, 0, 0, 0, 0, 0, 0, 0, 0, 0, 0, 0, 0, 0, 0, 0, 0, 0, 0, 0, 0, 0, 0, 0, 0, 0, 0, 0, 0, 0, 0, 0, 0, 0, 0, 0, 0, 0, 0, 0, 0, 0, 0, 0, 0, 0, 0, 0, 0, 0, 0, 1, 0, 1, 0, 1, 0, 0, 0, 0, 0, 0, 0, 0, 0, 0, 0, 0, 0, 0, 0, 0, 0]);
toolUsed = array1d(1..25, [1, 1, 1, 2, 1, 2, 1, 2, 1, 2, 1, 1, 2, 1, 1, 1, 1, 1, 1, 1, 2, 1, 1, 1, 1]);
usingMachine = array1d(1..25, [1, 1, 1, 1, 2, 1, 2, 1, 2, 1, 2, 1, 1, 2, 1, 2, 2, 1, 2, 1, 1, 1, 2, 1, 2]);
----------
total_end = 678;
end = array1d(1..25, [557, 246, 12, 647, 69, 627, 8, 141, 26, 159, 549, 54, 647, 513, 513, 535, 64, 69, 89, 678, 654, 0, 0, 0, 0]);
handLoad = array2d(1..2, 1..25, [1, 1, 1, 0, 1, 0, 1, 0, 0, 0, 0, 0, 0, 1, 0, 1, 0, 0, 1, 0, 0, 0, 0, 0, 0, 0, 0, 0, 1, 0, 1, 0, 1, 0, 0, 0, 0, 0, 0, 0, 0, 0, 0, 0, 0, 0, 0, 0, 0, 0]);
handUsed = array1d(1..25, [1, 1, 1, 2, 1, 2, 1, 2, 1, 2, 1, 1, 2, 1, 1, 1, 1, 1, 1, 1, 2, 1, 1, 1, 1]);
moveDuration = array1d(1..21, [3, 77, 7, 0, 0, 73, 3, 67, 8, 8, 9, 3, 5, 0, 7, 7, 0, 0, 0, 9, 2]);
moveStart = array1d(1..21, [549, 159, 0, 647, 64, 549, 0, 69, 8, 141, 535, 26, 627, 89, 246, 513, 54, 54, 69, 654, 647]);
preceededByToolChange = array1d(1..25, [0, 0, 0, 0, 0, 0, 0, 0, 0, 0, 0, 0, 0, 0, 0, 0, 0, 0, 0, 0, 0, 0, 0, 0, 0]);
pred = array1d(1..25, [15, 10, 22, 13, 17, 11, 23, 18, 7, 8, 16, 3, 6, 19, 2, 14, 9, 12, 5, 1, 4, 25, 24, 20, 21]);
start = array1d(1..25, [552, 236, 7, 647, 64, 622, 3, 136, 16, 149, 544, 29, 632, 253, 253, 520, 54, 64, 69, 663, 649, 0, 0, 0, 0]);
toolLoad = array3d(1..2, 1..2, 1..25, [1, 1, 1, 0, 1, 0, 1, 0, 0, 0, 0, 0, 0, 1, 0, 1, 0, 0, 1, 0, 0, 0, 0, 0, 0, 0, 0, 0, 0, 0, 0, 0, 0, 0, 0, 0, 0, 0, 0, 0, 0, 0, 0, 0, 0, 0, 0, 0, 0, 0, 0, 0, 0, 0, 0, 0, 0, 0, 0, 0, 0, 0, 0, 0, 0, 0, 0, 0, 0, 0, 0, 0, 0, 0, 0, 0, 0, 0, 1, 0, 1, 0, 1, 0, 0, 0, 0, 0, 0, 0, 0, 0, 0, 0, 0, 0, 0, 0, 0, 0]);
toolUsed = array1d(1..25, [1, 1, 1, 2, 1, 2, 1, 2, 1, 2, 1, 1, 2, 1, 1, 1, 1, 1, 1, 1, 2, 1, 1, 1, 1]);
usingMachine = array1d(1..25, [1, 1, 1, 2, 2, 2, 2, 1, 2, 1, 2, 1, 2, 2, 1, 2, 2, 1, 2, 1, 2, 1, 2, 1, 2]);
----------
total_end = 618;
end = array1d(1..25, [594, 283, 12, 189, 69, 169, 8, 141, 26, 159, 586, 54, 189, 550, 550, 572, 64, 69, 89, 618, 196, 0, 0, 0, 0]);
handLoad = array2d(1..2, 1..25, [1, 1, 1, 0, 1, 0, 1, 0, 0, 0, 0, 0, 0, 1, 0, 1, 0, 0, 1, 0, 0, 0, 0, 0, 0, 0, 0, 0, 1, 0, 1, 0, 1, 0, 0, 0, 0, 0, 0, 0, 0, 0, 0, 0, 0, 0, 0, 0, 0, 0]);
handUsed = array1d(1..25, [1, 1, 1, 2, 1, 2, 1, 2, 1, 2, 1, 1, 2, 1, 1, 1, 1, 1, 1, 1, 2, 1, 1, 1, 1]);
moveDuration = array1d(1..21, [3, 77, 7, 0, 0, 5, 3, 67, 8, 8, 9, 3, 5, 0, 7, 7, 0, 0, 0, 9, 2]);
moveStart = array1d(1..21, [586, 196, 0, 189, 64, 159, 0, 69, 8, 141, 572, 26, 169, 89, 283, 550, 54, 54, 69, 594, 189]);
preceededByToolChange = array1d(1..25, [0, 0, 0, 0, 0, 0, 0, 0, 0, 0, 0, 0, 0, 0, 0, 0, 0, 0, 0, 0, 0, 0, 0, 0, 0]);
pred = array1d(1..25, [15, 21, 22, 13, 17, 10, 23, 18, 7, 8, 16, 3, 6, 19, 2, 14, 9, 12, 5, 1, 4, 25, 24, 20, 11]);
start = array1d(1..25, [589, 273, 7, 189, 64, 164, 3, 136, 16, 149, 581, 29, 174, 290, 290, 557, 54, 64, 69, 603, 191, 0, 0, 0, 0]);
toolLoad = array3d(1..2, 1..2, 1..25, [1, 1, 1, 0, 1, 0, 1, 0, 0, 0, 0, 0, 0, 1, 0, 1, 0, 0, 1, 0, 0, 0, 0, 0, 0, 0, 0, 0, 0, 0, 0, 0, 0, 0, 0, 0, 0, 0, 0, 0, 0, 0, 0, 0, 0, 0, 0, 0, 0, 0, 0, 0, 0, 0, 0, 0, 0, 0, 0, 0, 0, 0, 0, 0, 0, 0, 0, 0, 0, 0, 0, 0, 0, 0, 0, 0, 0, 0, 1, 0, 1, 0, 1, 0, 0, 0, 0, 0, 0, 0, 0, 0, 0, 0, 0, 0, 0, 0, 0, 0]);
toolUsed = array1d(1..25, [1, 1, 1, 2, 1, 2, 1, 2, 1, 2, 1, 1, 2, 1, 1, 1, 1, 1, 1, 1, 2, 1, 1, 1, 1]);
usingMachine = array1d(1..25, [1, 1, 1, 1, 2, 1, 2, 1, 2, 1, 2, 1, 1, 2, 1, 2, 2, 1, 2, 1, 1, 1, 2, 1, 2]);
----------
total_end = 615;
end = array1d(1..25, [591, 283, 12, 189, 69, 169, 8, 141, 26, 159, 586, 54, 189, 550, 550, 572, 64, 69, 89, 615, 196, 0, 0, 0, 0]);
handLoad = array2d(1..2, 1..25, [1, 1, 1, 0, 1, 0, 1, 0, 0, 0, 0, 0, 0, 1, 0, 1, 0, 0, 1, 0, 0, 0, 0, 0, 0, 0, 0, 0, 1, 0, 1, 0, 1, 0, 0, 0, 0, 0, 0, 0, 0, 0, 0, 0, 0, 0, 0, 0, 0, 0]);
handUsed = array1d(1..25, [1, 1, 1, 2, 1, 2, 1, 2, 1, 2, 1, 1, 2, 1, 1, 1, 1, 1, 1, 1, 2, 1, 1, 1, 1]);
moveDuration = array1d(1..21, [0, 77, 7, 0, 0, 5, 3, 67, 8, 8, 9, 3, 5, 0, 7, 7, 0, 0, 0, 9, 2]);
moveStart = array1d(1..21, [586, 196, 0, 189, 64, 159, 0, 69, 8, 141, 572, 26, 169, 89, 283, 550, 54, 54, 69, 591, 189]);
preceededByToolChange = array1d(1..25, [0, 0, 0, 0, 0, 0, 0, 0, 0, 0, 0, 0, 0, 0, 0, 0, 0, 0, 0, 0, 0, 0, 0, 0, 0]);
pred = array1d(1..25, [11, 21, 22, 13, 17, 10, 23, 18, 7, 8, 16, 3, 6, 19, 2, 14, 9, 12, 5, 1, 4, 25, 24, 15, 20]);
start = array1d(1..25, [586, 273, 7, 189, 64, 164, 3, 136, 16, 149, 581, 29, 174, 290, 290, 557, 54, 64, 69, 600, 191, 0, 0, 0, 0]);
toolLoad = array3d(1..2, 1..2, 1..25, [1, 1, 1, 0, 1, 0, 1, 0, 0, 0, 0, 0, 0, 1, 0, 1, 0, 0, 1, 0, 0, 0, 0, 0, 0, 0, 0, 0, 0, 0, 0, 0, 0, 0, 0, 0, 0, 0, 0, 0, 0, 0, 0, 0, 0, 0, 0, 0, 0, 0, 0, 0, 0, 0, 0, 0, 0, 0, 0, 0, 0, 0, 0, 0, 0, 0, 0, 0, 0, 0, 0, 0, 0, 0, 0, 0, 0, 0, 1, 0, 1, 0, 1, 0, 0, 0, 0, 0, 0, 0, 0, 0, 0, 0, 0, 0, 0, 0, 0, 0]);
toolUsed = array1d(1..25, [1, 1, 1, 2, 1, 2, 1, 2, 1, 2, 1, 1, 2, 1, 1, 1, 1, 1, 1, 1, 2, 1, 1, 1, 1]);
usingMachine = array1d(1..25, [2, 1, 1, 1, 2, 1, 2, 1, 2, 1, 2, 1, 1, 2, 1, 2, 2, 1, 2, 2, 1, 1, 2, 1, 2]);
----------
total_end = 598;
end = array1d(1..25, [574, 86, 12, 487, 69, 467, 8, 425, 26, 443, 389, 54, 487, 353, 353, 375, 64, 69, 89, 598, 494, 0, 0, 0, 0]);
handLoad = array2d(1..2, 1..25, [1, 1, 1, 0, 1, 0, 1, 0, 0, 0, 0, 0, 0, 1, 0, 1, 0, 0, 1, 0, 0, 0, 0, 0, 0, 0, 0, 0, 1, 0, 1, 0, 1, 0, 0, 0, 0, 0, 0, 0, 0, 0, 0, 0, 0, 0, 0, 0, 0, 0]);
handUsed = array1d(1..25, [1, 1, 1, 2, 1, 2, 1, 2, 1, 2, 1, 1, 2, 1, 1, 1, 1, 1, 1, 1, 2, 1, 1, 1, 1]);
moveDuration = array1d(1..21, [75, 7, 7, 0, 0, 73, 3, 67, 8, 8, 9, 3, 5, 0, 7, 7, 0, 0, 0, 9, 2]);
moveStart = array1d(1..21, [494, 69, 0, 487, 64, 389, 0, 353, 8, 425, 375, 26, 467, 89, 86, 353, 54, 54, 69, 574, 487]);
preceededByToolChange = array1d(1..25, [0, 0, 0, 0, 0, 0, 0, 0, 0, 0, 0, 0, 0, 0, 0, 0, 0, 0, 0, 0, 0, 0, 0, 0, 0]);
pred = array1d(1..25, [21, 18, 22, 13, 17, 11, 23, 15, 7, 8, 16, 3, 6, 19, 2, 14, 9, 12, 5, 1, 4, 25, 24, 10, 20]);
start = array1d(1..25, [569, 76, 7, 487, 64, 462, 3, 420, 16, 433, 384, 29, 472, 93, 93, 360, 54, 64, 69, 583, 489, 0, 0, 0, 0]);
toolLoad = array3d(1..2, 1..2, 1..25, [1, 1, 1, 0, 1, 0, 1, 0, 0, 0, 0, 0, 0, 1, 0, 1, 0, 0, 1, 0, 0, 0, 0, 0, 0, 0, 0, 0, 0, 0, 0, 0, 0, 0, 0, 0, 0, 0, 0, 0, 0, 0, 0, 0, 0, 0, 0, 0, 0, 0, 0, 0, 0, 0, 0, 0, 0, 0, 0, 0, 0, 0, 0, 0, 0, 0, 0, 0, 0, 0, 0, 0, 0, 0, 0, 0, 0, 0, 1, 0, 1, 0, 1, 0, 0, 0, 0, 0, 0, 0, 0, 0, 0, 0, 0, 0, 0, 0, 0, 0]);
toolUsed = array1d(1..25, [1, 1, 1, 2, 1, 2, 1, 2, 1, 2, 1, 1, 2, 1, 1, 1, 1, 1, 1, 1, 2, 1, 1, 1, 1]);
usingMachine = array1d(1..25, [2, 1, 1, 2, 2, 2, 2, 1, 2, 1, 2, 1, 2, 2, 1, 2, 2, 1, 2, 2, 2, 1, 2, 1, 2]);
----------
total_end = 547;
end = array1d(1..25, [523, 86, 12, 487, 69, 467, 8, 425, 26, 443, 389, 54, 487, 353, 353, 375, 64, 69, 89, 547, 494, 0, 0, 0, 0]);
handLoad = array2d(1..2, 1..25, [1, 1, 1, 0, 1, 0, 1, 0, 0, 0, 0, 0, 0, 1, 0, 1, 0, 0, 1, 0, 0, 0, 0, 0, 0, 0, 0, 0, 1, 0, 1, 0, 1, 0, 0, 0, 0, 0, 0, 0, 0, 0, 0, 0, 0, 0, 0, 0, 0, 0]);
handUsed = array1d(1..25, [1, 1, 1, 2, 1, 2, 1, 2, 1, 2, 1, 1, 2, 1, 1, 1, 1, 1, 1, 1, 2, 1, 1, 1, 1]);
moveDuration = array1d(1..21, [75, 7, 7, 0, 0, 73, 3, 67, 8, 8, 9, 3, 5, 0, 7, 7, 0, 0, 0, 9, 2]);
moveStart = array1d(1..21, [443, 69, 0, 487, 64, 389, 0, 353, 8, 425, 375, 26, 467, 89, 86, 353, 54, 54, 69, 523, 487]);
preceededByToolChange = array1d(1..25, [0, 0, 0, 0, 0, 0, 0, 0, 0, 0, 0, 0, 0, 0, 0, 0, 0, 0, 0, 0, 0, 0, 0, 0, 0]);
pred = array1d(1..25, [10, 18, 22, 13, 17, 11, 23, 15, 7, 8, 16, 3, 6, 19, 2, 14, 9, 12, 5, 1, 4, 25, 24, 20, 21]);
start = array1d(1..25, [518, 76, 7, 487, 64, 462, 3, 420, 16, 433, 384, 29, 472, 93, 93, 360, 54, 64, 69, 532, 489, 0, 0, 0, 0]);
toolLoad = array3d(1..2, 1..2, 1..25, [1, 1, 1, 0, 1, 0, 1, 0, 0, 0, 0, 0, 0, 1, 0, 1, 0, 0, 1, 0, 0, 0, 0, 0, 0, 0, 0, 0, 0, 0, 0, 0, 0, 0, 0, 0, 0, 0, 0, 0, 0, 0, 0, 0, 0, 0, 0, 0, 0, 0, 0, 0, 0, 0, 0, 0, 0, 0, 0, 0, 0, 0, 0, 0, 0, 0, 0, 0, 0, 0, 0, 0, 0, 0, 0, 0, 0, 0, 1, 0, 1, 0, 1, 0, 0, 0, 0, 0, 0, 0, 0, 0, 0, 0, 0, 0, 0, 0, 0, 0]);
toolUsed = array1d(1..25, [1, 1, 1, 2, 1, 2, 1, 2, 1, 2, 1, 1, 2, 1, 1, 1, 1, 1, 1, 1, 2, 1, 1, 1, 1]);
usingMachine = array1d(1..25, [1, 1, 1, 2, 2, 2, 2, 1, 2, 1, 2, 1, 2, 2, 1, 2, 2, 1, 2, 1, 2, 1, 2, 1, 2]);
----------
total_end = 504;
end = array1d(1..25, [394, 86, 12, 473, 69, 453, 8, 425, 26, 443, 389, 54, 473, 353, 353, 375, 64, 69, 89, 504, 480, 0, 0, 0, 0]);
handLoad = array2d(1..2, 1..25, [1, 1, 1, 0, 1, 0, 1, 0, 0, 0, 0, 0, 0, 1, 0, 1, 0, 0, 1, 0, 0, 0, 0, 0, 0, 0, 0, 0, 1, 0, 1, 0, 1, 0, 0, 0, 0, 0, 0, 0, 0, 0, 0, 0, 0, 0, 0, 0, 0, 0]);
handUsed = array1d(1..25, [1, 1, 1, 2, 1, 2, 1, 2, 1, 2, 1, 1, 2, 1, 1, 1, 1, 1, 1, 1, 2, 1, 1, 1, 1]);
moveDuration = array1d(1..21, [0, 7, 7, 0, 0, 5, 3, 67, 8, 8, 9, 3, 5, 0, 7, 7, 0, 0, 0, 9, 2]);
moveStart = array1d(1..21, [389, 69, 0, 473, 64, 443, 0, 353, 8, 425, 375, 26, 453, 89, 86, 353, 54, 54, 69, 480, 473]);
preceededByToolChange = array1d(1..25, [0, 0, 0, 0, 0, 0, 0, 0, 0, 0, 0, 0, 0, 0, 0, 0, 0, 0, 0, 0, 0, 0, 0, 0, 0]);
pred = array1d(1..25, [11, 18, 22, 13, 17, 10, 23, 15, 7, 8, 16, 3, 6, 19, 2, 14, 9, 12, 5, 1, 4, 25, 24, 21, 20]);
start = array1d(1..25, [389, 76, 7, 473, 64, 448, 3, 420, 16, 433, 384, 29, 458, 93, 93, 360, 54, 64, 69, 489, 475, 0, 0, 0, 0]);
toolLoad = array3d(1..2, 1..2, 1..25, [1, 1, 1, 0, 1, 0, 1, 0, 0, 0, 0, 0, 0, 1, 0, 1, 0, 0, 1, 0, 0, 0, 0, 0, 0, 0, 0, 0, 0, 0, 0, 0, 0, 0, 0, 0, 0, 0, 0, 0, 0, 0, 0, 0, 0, 0, 0, 0, 0, 0, 0, 0, 0, 0, 0, 0, 0, 0, 0, 0, 0, 0, 0, 0, 0, 0, 0, 0, 0, 0, 0, 0, 0, 0, 0, 0, 0, 0, 1, 0, 1, 0, 1, 0, 0, 0, 0, 0, 0, 0, 0, 0, 0, 0, 0, 0, 0, 0, 0, 0]);
toolUsed = array1d(1..25, [1, 1, 1, 2, 1, 2, 1, 2, 1, 2, 1, 1, 2, 1, 1, 1, 1, 1, 1, 1, 2, 1, 1, 1, 1]);
usingMachine = array1d(1..25, [2, 1, 1, 1, 2, 1, 2, 1, 2, 1, 2, 1, 1, 2, 1, 2, 2, 1, 2, 2, 1, 1, 2, 1, 2]);
----------
==========

%% Model variables : 820
%% Model constraints : 752

%% Search CPU time : 1064ms
%% Search nodes : 1004
%% Search decisions : 836
%% Wrong search decisions : 168
%% Search backtracks : 836
%% Max search depth : 101
%% Number solutions : 8

%% Total CPU time : 1745ms
